0 0 1 0.37
0 0 2 0.42
0 0 3 0.37
0 0 4 0.44
0 1 1 0.36
0 1 2 0.42
0 1 3 0.37
0 1 4 0.41
1 0 1 0.39
1 0 2 0.44
1 0 3 0.38
1 0 4 0.41
1 1 1 0.37
1 1 2 0.39
1 1 3 0.36
1 1 4 0.38
0 0 1 0.38
0 0 2 0.40
0 0 3 0.42
0 0 4 0.39
0 1 1 0.37
0 1 2 0.36
0 1 3 0.42
0 1 4 0.38
1 0 1 0.43
1 0 2 0.37
1 0 3 0.40
1 0 4 0.37
1 1 1 0.41
1 1 2 0.40
1 1 3 0.40
1 1 4 0.39
0 0 1 0.38
0 0 2 0.40
0 0 3 0.39
0 0 4 0.38
0 1 1 0.37
0 1 2 0.42
0 1 3 0.35
0 1 4 0.43
1 0 1 0.35
1 0 2 0.40
1 0 3 0.40
1 0 4 0.41
1 1 1 0.40
1 1 2 0.43
1 1 3 0.37
1 1 4 0.40
